<?xml version="1.0"?>
<opencv_storage>
<images>
left/132019318154362166.png
left/132019318184575851.png
left/132019318210976018.png
left/132019318239356197.png
left/132019318267736369.png
left/132019318293476524.png
left/132019318320866704.png
left/132019318347926887.png
left/132019318374327058.png
left/132019318401717221.png
</images>
</opencv_storage>
