<?xml version="1.0"?>
<opencv_storage>
<images>
left/132019318154362166.png
right/132019318154362166.png
left/132019318163841167.png
right/132019318163841167.png
left/132019318170055759.png
right/132019318170055759.png
left/132019318176655801.png
right/132019318176655801.png
left/132019318183585850.png
right/132019318183585850.png
left/132019318190515889.png
right/132019318190515889.png
left/132019318196785933.png
right/132019318196785933.png
left/132019318203385975.png
right/132019318203385975.png
left/132019318209656009.png
right/132019318209656009.png
left/132019318215926054.png
right/132019318215926054.png
left/132019318222196089.png
right/132019318222196089.png
left/132019318229456134.png
right/132019318229456134.png
left/132019318237046188.png
right/132019318237046188.png
left/132019318243976227.png
right/132019318243976227.png
left/132019318251896274.png
right/132019318251896274.png
left/132019318258826321.png
right/132019318258826321.png
left/132019318265096354.png
right/132019318265096354.png
left/132019318271366396.png
right/132019318271366396.png
left/132019318277636428.png
right/132019318277636428.png
left/132019318283906471.png
right/132019318283906471.png
left/132019318290176504.png
right/132019318290176504.png
left/132019318296776543.png
right/132019318296776543.png
left/132019318303706590.png
right/132019318303706590.png
left/132019318309976626.png
right/132019318309976626.png
left/132019318316906678.png
right/132019318316906678.png
left/132019318323176715.png
right/132019318323176715.png
left/132019318329446763.png
right/132019318329446763.png
left/132019318335716800.png
right/132019318335716800.png
left/132019318342976848.png
right/132019318342976848.png
left/132019318349576893.png
right/132019318349576893.png
left/132019318356176937.png
right/132019318356176937.png
left/132019318362446984.png
right/132019318362446984.png
left/132019318369047026.png
right/132019318369047026.png
left/132019318375317059.png
right/132019318375317059.png
left/132019318382247107.png
right/132019318382247107.png
left/132019318388847147.png
right/132019318388847147.png
left/132019318395777185.png
right/132019318395777185.png
left/132019318402047229.png
right/132019318402047229.png
left/132019318408317262.png
right/132019318408317262.png
left/132019318414587305.png
right/132019318414587305.png
left/132019318422837350.png
right/132019318422837350.png
left/132019318429107393.png
right/132019318429107393.png
</images>
</opencv_storage>
