%YAML:1.0

#--------------------------------------------------------------------------------------------
# Camera Parameters. Adjust them!
#--------------------------------------------------------------------------------------------

# Camera calibration and distortion parameters (OpenCV)
Camera.fx: 3.9074936320133179e+02
Camera.fy: 3.9074936320133179e+02
Camera.cx: 2.3094951775893972e+02
Camera.cy: 3.1633167442354835e+02

Camera.k1: -4.7835406410471883e-02
Camera.k2: -7.6647203468799335e-03
Camera.p1: 0.0
Camera.p2: 0.0

Camera.width: 480
Camera.height: 640

# Camera frames per second
Camera.fps: 10.0

# stereo baseline times fx
Camera.bf: 47.90639384423901

# Color order of the images (0: BGR, 1: RGB. It is ignored if images are grayscale)
Camera.RGB: 1

# Close/Far threshold. Baseline times.
ThDepth: 35

#--------------------------------------------------------------------------------------------
# Stereo Rectification. Only if you need to pre-rectify the images.
# Camera.fx, .fy, etc must be the same as in LEFT.P
#--------------------------------------------------------------------------------------------
LEFT.height: 640
LEFT.width: 480
LEFT.D: !!opencv-matrix
   rows: 1
   cols: 8
   dt: d
   data: [ -4.7835406410471883e-02, -7.6647203468799335e-03, 0., 0., 0.,
       0., 0., -6.6684241052477986e-02 ]
LEFT.K: !!opencv-matrix
   rows: 3
   cols: 3
   dt: d
   data: [ 4.5668938082515535e+02, 0., 2.3094951775893972e+02, 0.,
       4.5127238188884746e+02, 3.1633167442354835e+02, 0., 0., 1. ]
LEFT.R:  !!opencv-matrix
   rows: 3
   cols: 3
   dt: d
   data: [ 9.9958609228508832e-01, 8.6999409368867138e-03,
       2.7421800413568370e-02, -9.6332888900903454e-03,
       9.9937232362733786e-01, 3.4090446064188186e-02,
       -2.7108003530082376e-02, -3.4340497890827743e-02,
       9.9904248475689117e-01 ]
LEFT.P:  !!opencv-matrix
   rows: 3
   cols: 4
   dt: d
   data: [ 3.9074936320133179e+02, 0., 2.2207595252990723e+02, 0., 0.,
       3.9074936320133179e+02, 3.1353791046142578e+02, 0., 0., 0., 1.,
       0. ]

RIGHT.height: 640
RIGHT.width: 480
RIGHT.D: !!opencv-matrix
   rows: 1
   cols: 8
   dt: d
   data: [ -1.7088607883346350e-02, 1.4564949858352186e-01, 0., 0., 0.,
       0., 0., 2.3695774194309804e-01 ]
RIGHT.K: !!opencv-matrix
   rows: 3
   cols: 3
   dt: d
   data: [ 4.5668938082515535e+02, 0., 2.4156620734927606e+02, 0.,
       4.5127238188884746e+02, 3.1278777727606166e+02, 0., 0., 1. ]
RIGHT.R:  !!opencv-matrix
   rows: 3
   cols: 3
   dt: d
   data: [ 9.9932802361322204e-01, 2.7148895447623635e-02,
       2.4625976067265146e-02, -2.6290172391104049e-02,
       9.9905716669793942e-01, -3.4548581810712409e-02,
       -2.5540713712375908e-02, 3.3877944823431351e-02,
       9.9909957301442331e-01 ]
RIGHT.P:  !!opencv-matrix
   rows: 3
   cols: 4
   dt: d
   data: [ 3.9074936320133179e+02, 0., 2.2207595252990723e+02,
       0., 0., 3.9074936320133179e+02,
       3.1353791046142578e+02, 0., 0., 0., 1., 0. ]

#--------------------------------------------------------------------------------------------
# ORB Parameters
#--------------------------------------------------------------------------------------------

# ORB Extractor: Number of features per image
ORBextractor.nFeatures: 1600

# ORB Extractor: Scale factor between levels in the scale pyramid
ORBextractor.scaleFactor: 1.2

# ORB Extractor: Number of levels in the scale pyramid
ORBextractor.nLevels: 8

# ORB Extractor: Fast threshold
# Image is divided in a grid. At each cell FAST are extracted imposing a minimum response.
# Firstly we impose iniThFAST. If no corners are detected we impose a lower value minThFAST
# You can lower these values if your images have low contrast
ORBextractor.iniThFAST: 20
ORBextractor.minThFAST: 7

#--------------------------------------------------------------------------------------------
# Viewer Parameters
#--------------------------------------------------------------------------------------------
Viewer.KeyFrameSize: 0.05
Viewer.KeyFrameLineWidth: 1
Viewer.GraphLineWidth: 0.9
Viewer.PointSize:2
Viewer.CameraSize: 0.08
Viewer.CameraLineWidth: 3
Viewer.ViewpointX: 0
Viewer.ViewpointY: -0.7
Viewer.ViewpointZ: -1.8
Viewer.ViewpointF: 500

Map.mapfile: map.bin
